39 3
peter 0.0541419814653 0.619193886967 0.700053656446
is 0.0259539876203 0.507106487373 0.149137387715
a 0.534180800499 0.363201232589 0.974723790281
young 0.372739435993 0.732866452331 0.19017848248
boy 0.88075382554 0.759990029872 0.0331111660143
. 0.797946850709 0.450371765929 0.0990119979356
he 0.250453269064 0.612353844623 0.809398821844
went 0.133237542968 0.0495020169262 0.255183099181
to 0.182443131107 0.0587382147135 0.433101734309
the 0.274935866604 0.799553038324 0.69502871937
shop 0.950440647334 0.649338520091 0.642810138059
and 0.800875758673 0.895108850502 0.128841280319
bought 0.712985165859 0.230628649902 0.373335697589
some 0.11556197295 0.778843105732 0.0458097311089
apples 0.261968384353 0.0972501740114 0.306409417309
were 0.997449407813 0.942812747138 0.678095685613
red 0.263506549903 0.259198913187 0.807250603937
looked 0.0347147332388 0.964588900478 0.0656365145878
delicious 0.118697326467 0.197252910095 0.613173450781
, 0.673315743453 0.221792961861 0.183865404171
so 0.568604271349 0.425952437669 0.65585103435
took 0.344677309491 0.309909342208 0.0552739841864
one 0.225114805094 0.262181365039 0.674454005607
of 0.641325028513 0.913016582977 0.334199325714
them 0.807724595934 0.776214161209 0.159646757562
ate 0.20378139116 0.407126142645 0.771187376071
it 0.641339898572 0.910473281918 0.748254266087
later 0.149438129378 0.583198518589 0.138166699928
buy 0.73091355866 0.312667421357 0.232538440372
milk 0.929483643528 0.201138926033 0.773117458712
as 0.946562016413 0.127422014071 0.612785494191
well 0.0942921474042 0.375062097626 0.837334229218
was 0.796890133923 0.176407695913 0.4311987547
closed 0.617366831155 0.437688410467 0.854687021215
by 0.189596141366 0.303678193085 0.679489037283
then 0.807482680522 0.466514115676 0.605908220162
home 0.934354758908 0.583892554907 0.498493350458
all 0.199799866578 0.869833065018 0.93122481119
remaining 0.00612124535453 0.975810376935 0.410316888835
